<html about="http://objects.mainzed.org/data/c12d937a-07ed-1e16-a988-1ef5a6b494ce_sensor_1_calibration_covariance_matrix" itemscope itemid="http://objects.mainzed.org/data/c12d937a-07ed-1e16-a988-1ef5a6b494ce_sensor_1_calibration_covariance_matrix" id="subject"><head><title>covariance matrix ( MS 1 Sensor 17 Calibration)</title><meta name="viewport" content="width=device-width, initial-scale=1.0">
<link rel="stylesheet" type="text/css" href="https://stackpath.bootstrapcdn.com/bootstrap/4.5.0/css/bootstrap.min.css" />
<link rel="stylesheet" type="text/css" href="https://cdn.datatables.net/1.12.1/css/jquery.dataTables.min.css" />
<link rel="stylesheet" type="text/css" href="https://stackpath.bootstrapcdn.com/font-awesome/4.7.0/css/font-awesome.min.css" />
<link rel="stylesheet" href="https://code.jquery.com/ui/1.12.1/themes/base/jquery-ui.css" />
<link rel="stylesheet" href="https://cdnjs.cloudflare.com/ajax/libs/jstree/3.1.1/themes/default/style.min.css" />
<link rel="stylesheet" type="text/css" href="../style.css" />
<script src="https://cdnjs.cloudflare.com/ajax/libs/jquery/3.4.1/jquery.min.js"></script><script src="https://code.jquery.com/ui/1.12.1/jquery-ui.js"></script><script src="https://cdn.datatables.net/1.12.1/js/jquery.dataTables.min.js"></script>
<script src="../ex_search.js"></script><script src="../ex_classtree.js"></script><script src="../proprelations.js"></script>
<script src="https://cdnjs.cloudflare.com/ajax/libs/jstree/3.3.14/jstree.min.js"></script><script src="https://cdn.jsdelivr.net/npm/rdflib@2.2.19/dist/rdflib.min.js"></script>
<script type="text/javascript" src="https://stackpath.bootstrapcdn.com/bootstrap/4.5.0/js/bootstrap.bundle.min.js"></script>
<script src="../startscripts.js"></script></head>
<div id="mySidenav" class="sidenav" style="overflow:auto;"><a href="javascript:void(0)" class="closebtn" onclick="closeNav()">&times;</a>
  GeoClasses: <input type="checkbox" id="geoclasses"/><br/>
  Search:<input type="text" id="classsearch"><br/><div id="jstree"></div>
</div><script>var indexpage=false; var baseurl="http://objects.mainzed.org/data/"; var iconprefixx="";
var relativedepth=1</script><body><div id="header"><h1 id="title"><a href="http://objects.mainzed.org/data/c12d937a-07ed-1e16-a988-1ef5a6b494ce_sensor_1_calibration_covariance_matrix">covariance matrix ( MS 1 Sensor 17 Calibration)</a></h1></div><div class="page-resource-uri"><a href="http://objects.mainzed.org/data/c12d937a-07ed-1e16-a988-1ef5a6b494ce_sensor_1_calibration_covariance_matrix">http://objects.mainzed.org/data/c12d937a-07ed-1e16-a988-1ef5a6b494ce_sensor_1_calibration_covariance_matrix</a> <b>powered by Static GeoPubby</b> generated using the <a style="color:blue;font-weight:bold" target="_blank" href="https://github.com/sparqlunicorn/sparqlunicornGoesGIS-ontdoc">SPARQLing Unicorn QGIS Plugin OntDoc Script 0.18</a></div>
</div><div id="rdficon"><span style="font-size:30px;cursor:pointer" onclick="openNav()">&#9776;</span></div> <div class="search"><div class="ui-widget">Search: <input id="search" size="25"><button id="gotosearch" onclick="followLink()">Go</button><b>Download Options:</b>&nbsp;Format:<select id="format" onchange="changeDefLink()"><option value="csv">Comma Separated Values (CSV)</option>
<option value="geojson">(Geo)JSON</option>
<option value="gdf">Graph Definition Format (GDF)</option>
<option value="graphml">Graph Markup Language (GraphML)</option>
<option value="json">JSON-LD</option>
<option value="tgf">Trivial Graph Format (TGF)</option>
<option value="tsv">Tab Separated Values (TSV)</option>
<option value="ttl" selected>Turtle (TTL)</option>
</select><a id="formatlink" href="#" target="_blank"><svg width="1em" height="1em" viewBox="0 0 16 16" class="bi bi-info-circle-fill" fill="currentColor" xmlns="http://www.w3.org/2000/svg"><path fill-rule="evenodd" d="M8 16A8 8 0 1 0 8 0a8 8 0 0 0 0 16zm.93-9.412l-2.29.287-.082.38.45.083c.294.07.352.176.288.469l-.738 3.468c-.194.897.105 1.319.808 1.319.545 0 1.178-.252 1.465-.598l.088-.416c-.2.176-.492.246-.686.246-.275 0-.375-.193-.304-.533L8.93 6.588zM8 5.5a1 1 0 1 0 0-2 1 1 0 0 0 0 2z"/></svg></a>&nbsp;
<button id="downloadButton" onclick="download()">Download</button><a href="..//sparql.html?endpoint=https://i3mainz.github.io/3dcap-md-gen/agisoft_holz//index.ttl&query=SELECT%20?sub%20?pred%20?obj%20%0AWHERE%20%7B%0A%20BIND(%3Chttp%3A//objects.mainzed.org/data/c12d937a-07ed-1e16-a988-1ef5a6b494ce_sensor_1_calibration_covariance_matrix%3E%20AS%20?sub)%20%0A?sub%20?pred%20?obj%20.%20%0A%7D%0A">Query</a><br/></div></div><dialog id="classrelationdialog" width="500" height="500" modal="true"></dialog><dialog id="dataschemadialog" width="500" height="500" modal="true"></dialog>
<div class="container-fluid"><div class="row-fluid" id="main-wrapper">
<div style="overflow-x:auto;"><table border=1 width=100% class=description><thead><tr><th>Property</th><th>Value</th></tr></thead><tbody><tr class="odd"><td class="property"><span class="property-name"><a class="uri" target="_blank" href="http://www.ontology-of-units-of-measure.org/resource/om-2/hasValue">has value <span style="color: #666;">(om:hasValue)</span></a> </span></td><td class="wrapword"><span><a itemprop="http://www.ontology-of-units-of-measure.org/resource/om-2/hasValue" property="http://www.ontology-of-units-of-measure.org/resource/om-2/hasValue" resource="http://objects.mainzed.org/data/c12d937a-07ed-1e16-a988-1ef5a6b494ce_sensor_1_calibration_covariance_matrix_value" href="../c12d937a-07ed-1e16-a988-1ef5a6b494ce_sensor_1_calibration_covariance_matrix_value/index.html">covariance matrix Measurement Value ( MS 1 Sensor 17 Calibration) <span style="color: #666;">(ex:c12d937a-07ed-1e16-a988-1ef5a6b494ce_sensor_1_calibration_covariance_matrix_value)</span></a> <span style="font-weight:bold">[Matrix([[6.849825995868572, -1.0661402168447467, -9.311397960815256, -0.0011292596952481317, 0.014371412909777616, -0.0805112842045057, -1.028681731599356e-05, -6.611289299285346e-05],
       [-1.0661402168447467, 3.934654717350362, 1.2330052742504627, -0.00011095066210426134, 0.005126296550211879, -0.03498587972232904, 0.00010997915672780956, -2.2000833784012592e-07],
       [-9.311397960815256, 1.2330052742504627, 15.541559327046507, 0.0005915523852616433, 0.0017415962976667697, -0.004152818699856468, 9.728407324225883e-06, 0.0001709927807951872],
       [-0.0011292596952481317, -0.00011095066210426134, 0.0005915523852616433, 2.767482159948837e-06, -6.0730284778656734e-05, 0.00038253780417554187, -4.320224359939931e-09, -4.427733100630144e-09],
       [0.014371412909777616, 0.005126296550211879, 0.0017415962976667697, -6.0730284778656734e-05, 0.0015322552789860532, -0.010403352783074827, 7.394886904636178e-08, 2.5254669180090865e-07],
       [-0.0805112842045057, -0.03498587972232904, -0.004152818699856468, 0.00038253780417554187, -0.010403352783074827, 0.07529532610714441, -9.725697857890765e-08, -1.983298299871222e-06],
       [-1.028681731599356e-05, 0.00010997915672780956, 9.728407324225883e-06, -4.320224359939931e-09, 7.394886904636178e-08, -9.725697857890765e-08, 3.2839139036447014e-09, -1.7004886121644032e-10],
       [-6.611289299285346e-05, -2.2000833784012592e-07, 0.0001709927807951872, -4.427733100630144e-09, 2.5254669180090865e-07, -1.983298299871222e-06, -1.7004886121644032e-10, 3.897512774907561e-09]]) <a href="http://www.ontology-of-units-of-measure.org/resource/om-2/millimetre" target="_blank">om:millimetre</a>]</span></span></td></tr><tr class="even"><td class="property"><span class="property-name"><a class="uri" target="_blank" href="http://www.w3.org/1999/02/22-rdf-syntax-ns#type">type <span style="color: #666;">(rdf:type)</span></a> </span></td><td class="wrapword"><span><a itemprop="http://www.w3.org/1999/02/22-rdf-syntax-ns#type" property="http://www.w3.org/1999/02/22-rdf-syntax-ns#type" resource="http://objects.mainzed.org/ont#Covariance_matrix" target="_blank" href="http://objects.mainzed.org/ont#Covariance_matrix">Covariance matrix <span style="color: #666;">(giga:Covariance_matrix)</span></a> <a href="../nonns_Covariance_matrix.html">[x]</a></span></td></tr><tr class="odd"><td class="property"><span class="property-name"><a class="uri" target="_blank" href="http://www.w3.org/2000/01/rdf-schema#label">projectname <span style="color: #666;">(rdfs:label)</span></a> </span></td><td class="wrapword"><ul><li><span itemprop="http://www.w3.org/2000/01/rdf-schema#label" property="http://www.w3.org/2000/01/rdf-schema#label" content="Kovarianzmatrix ( MS 1 Sensor 17 Calibration)" datatype="http://www.w3.org/1999/02/22-rdf-syntax-ns#langString" xml:lang="de">Kovarianzmatrix ( MS 1 Sensor 17 Calibration) <small>(<a style="color: #666;" target="_blank" href="http://www.w3.org/1999/02/22-rdf-syntax-ns#langString">rdf:langString</a>) (<a href="http://www.lexvo.org/page/iso639-1/de" target="_blank">iso6391:de</a>)</small></span></li><li><span itemprop="http://www.w3.org/2000/01/rdf-schema#label" property="http://www.w3.org/2000/01/rdf-schema#label" content="covariance matrix ( MS 1 Sensor 17 Calibration)" datatype="http://www.w3.org/1999/02/22-rdf-syntax-ns#langString" xml:lang="en">covariance matrix ( MS 1 Sensor 17 Calibration) <small>(<a style="color: #666;" target="_blank" href="http://www.w3.org/1999/02/22-rdf-syntax-ns#langString">rdf:langString</a>) (<a href="http://www.lexvo.org/page/iso639-1/en" target="_blank">iso6391:en</a>)</small></span></li></ul></td></tr><tr class="even"><td class="property">Is <span class="property-name"><a class="uri" target="_blank" href="http://objects.mainzed.org/ont#covariance_matrix">covariance matrix <span style="color: #666;">(giga:covariance_matrix)</span></a> </span> of</td><td class="wrapword"><span><a itemprop="http://objects.mainzed.org/ont#covariance_matrix" itemref="http://objects.mainzed.org/data/c12d937a-07ed-1e16-a988-1ef5a6b494ce_sensor_1_calibration" property="http://objects.mainzed.org/ont#covariance_matrix"  about="http://objects.mainzed.org/data/c12d937a-07ed-1e16-a988-1ef5a6b494ce_sensor_1_calibration" resource="http://objects.mainzed.org/data/c12d937a-07ed-1e16-a988-1ef5a6b494ce_sensor_1_calibration_covariance_matrix" href="../c12d937a-07ed-1e16-a988-1ef5a6b494ce_sensor_1_calibration/index.html">Sensor 1 Calibration <span style="color: #666;">(ex:c12d937a-07ed-1e16-a988-1ef5a6b494ce_sensor_1_calibration)</span></a></span></td></tr></tbody></table></div><h5>Metadata</h5><div style="overflow-x:auto;"><table border=1 width=100% class=description><thead><tr><th>Property</th><th>Value</th></tr></thead><tbody><tr class="odd"><td class="property"><span class="property-name"><a class="uri" target="_blank" href="http://rdfs.org/ns/void#inDataset">inDataset <span style="color: #666;">(void:inDataset)</span></a> </span></td><td class="wrapword"><span><a itemprop="http://rdfs.org/ns/void#inDataset" property="http://rdfs.org/ns/void#inDataset" resource="http://objects.mainzed.org/data/ex_dataset" href="../ex_dataset/index.html">ex_dataset <span style="color: #666;">(ex:ex_dataset)</span></a> <span style="font-weight:bold">[18454 <a href="http://objects.mainzed.org/ont#buildModel_face_count" target="_blank">giga:buildModel_face_count</a>]</span></span></td></tr></tbody></table></div><div id="footer"><div class="container-fluid"><span id="citationlink"><details><summary>[CITE]</summary><pre>@misc{c12d937a-07ed-1e16-a988-1ef5a6b494ce_sensor_1_calibration_covariance_matrix
author="ex_dataset Contributors",
title="covariance matrix ( MS 1 Sensor 17 Calibration)",
"url="http://objects.mainzed.org/data/c12d937a-07ed-1e16-a988-1ef5a6b494ce_sensor_1_calibration_covariance_matrix",
note="[Online; documentation generated at 2025-07-09]"}</pre></details></span><span id="apis"><a href="..//sparql.html?endpoint=https://i3mainz.github.io/3dcap-md-gen/agisoft_holz/">[SPARQL]</a>&nbsp;<a href="..//api/api.html">[OGC API Features]</a>&nbsp;<a href="..//iiif/">[IIIF]</a>&nbsp;<a href="..//api/3/">[CKAN]</a></span></div></div><script>$(document).ready(function(){setSVGDimensions();})</script></body></html>
