<html about="http://objects.mainzed.org/data/c07e81c9-cbeb-130d-2bb3-0a20d06eb7b4_sensor_0_calibration_covariance_matrix_value" itemscope itemid="http://objects.mainzed.org/data/c07e81c9-cbeb-130d-2bb3-0a20d06eb7b4_sensor_0_calibration_covariance_matrix_value" id="subject"><head><title>covariance matrix Measurement Value ( MS 0 Sensor 11 Calibration)</title><meta name="viewport" content="width=device-width, initial-scale=1.0">
<link rel="stylesheet" type="text/css" href="https://stackpath.bootstrapcdn.com/bootstrap/4.5.0/css/bootstrap.min.css" />
<link rel="stylesheet" type="text/css" href="https://cdn.datatables.net/1.12.1/css/jquery.dataTables.min.css" />
<link rel="stylesheet" type="text/css" href="https://stackpath.bootstrapcdn.com/font-awesome/4.7.0/css/font-awesome.min.css" />
<link rel="stylesheet" href="https://code.jquery.com/ui/1.12.1/themes/base/jquery-ui.css" />
<link rel="stylesheet" href="https://cdnjs.cloudflare.com/ajax/libs/jstree/3.1.1/themes/default/style.min.css" />
<link rel="stylesheet" type="text/css" href="../style.css" />
<script src="https://cdnjs.cloudflare.com/ajax/libs/jquery/3.4.1/jquery.min.js"></script><script src="https://code.jquery.com/ui/1.12.1/jquery-ui.js"></script><script src="https://cdn.datatables.net/1.12.1/js/jquery.dataTables.min.js"></script>
<script src="../ex_search.js"></script><script src="../ex_classtree.js"></script><script src="../proprelations.js"></script>
<script src="https://cdnjs.cloudflare.com/ajax/libs/jstree/3.3.14/jstree.min.js"></script><script src="https://cdn.jsdelivr.net/npm/rdflib@2.2.19/dist/rdflib.min.js"></script>
<script type="text/javascript" src="https://stackpath.bootstrapcdn.com/bootstrap/4.5.0/js/bootstrap.bundle.min.js"></script>
<script src="../startscripts.js"></script></head>
<div id="mySidenav" class="sidenav" style="overflow:auto;"><a href="javascript:void(0)" class="closebtn" onclick="closeNav()">&times;</a>
  GeoClasses: <input type="checkbox" id="geoclasses"/><br/>
  Search:<input type="text" id="classsearch"><br/><div id="jstree"></div>
</div><script>var indexpage=false; var baseurl="http://objects.mainzed.org/data/"; var iconprefixx="";
var relativedepth=1</script><body><div id="header"><h1 id="title"><a href="http://objects.mainzed.org/data/c07e81c9-cbeb-130d-2bb3-0a20d06eb7b4_sensor_0_calibration_covariance_matrix_value">covariance matrix Measurement Value ( MS 0 Sensor 11 Calibration)</a></h1></div><div class="page-resource-uri"><a href="http://objects.mainzed.org/data/c07e81c9-cbeb-130d-2bb3-0a20d06eb7b4_sensor_0_calibration_covariance_matrix_value">http://objects.mainzed.org/data/c07e81c9-cbeb-130d-2bb3-0a20d06eb7b4_sensor_0_calibration_covariance_matrix_value</a> <b>powered by Static GeoPubby</b> generated using the <a style="color:blue;font-weight:bold" target="_blank" href="https://github.com/sparqlunicorn/sparqlunicornGoesGIS-ontdoc">SPARQLing Unicorn QGIS Plugin OntDoc Script 0.18</a></div>
</div><div id="rdficon"><span style="font-size:30px;cursor:pointer" onclick="openNav()">&#9776;</span></div> <div class="search"><div class="ui-widget">Search: <input id="search" size="25"><button id="gotosearch" onclick="followLink()">Go</button><b>Download Options:</b>&nbsp;Format:<select id="format" onchange="changeDefLink()"><option value="csv">Comma Separated Values (CSV)</option>
<option value="geojson">(Geo)JSON</option>
<option value="gdf">Graph Definition Format (GDF)</option>
<option value="graphml">Graph Markup Language (GraphML)</option>
<option value="json">JSON-LD</option>
<option value="tgf">Trivial Graph Format (TGF)</option>
<option value="tsv">Tab Separated Values (TSV)</option>
<option value="ttl" selected>Turtle (TTL)</option>
</select><a id="formatlink" href="#" target="_blank"><svg width="1em" height="1em" viewBox="0 0 16 16" class="bi bi-info-circle-fill" fill="currentColor" xmlns="http://www.w3.org/2000/svg"><path fill-rule="evenodd" d="M8 16A8 8 0 1 0 8 0a8 8 0 0 0 0 16zm.93-9.412l-2.29.287-.082.38.45.083c.294.07.352.176.288.469l-.738 3.468c-.194.897.105 1.319.808 1.319.545 0 1.178-.252 1.465-.598l.088-.416c-.2.176-.492.246-.686.246-.275 0-.375-.193-.304-.533L8.93 6.588zM8 5.5a1 1 0 1 0 0-2 1 1 0 0 0 0 2z"/></svg></a>&nbsp;
<button id="downloadButton" onclick="download()">Download</button><a href="..//sparql.html?endpoint=https://i3mainz.github.io/3dcap-md-gen/agisoft_krieger//index.ttl&query=SELECT%20?sub%20?pred%20?obj%20%0AWHERE%20%7B%0A%20BIND(%3Chttp%3A//objects.mainzed.org/data/c07e81c9-cbeb-130d-2bb3-0a20d06eb7b4_sensor_0_calibration_covariance_matrix_value%3E%20AS%20?sub)%20%0A?sub%20?pred%20?obj%20.%20%0A%7D%0A">Query</a><br/></div></div><dialog id="classrelationdialog" width="500" height="500" modal="true"></dialog><dialog id="dataschemadialog" width="500" height="500" modal="true"></dialog>
<div class="container-fluid"><div class="row-fluid" id="main-wrapper">
<div style="overflow-x:auto;"><table border=1 width=100% class=description><thead><tr><th>Property</th><th>Value</th></tr></thead><tbody><tr class="odd"><td class="property"><span class="property-name"><a class="uri" target="_blank" href="http://www.ontology-of-units-of-measure.org/resource/om-2/hasNumericalValue">has numerical value <span style="color: #666;">(om:hasNumericalValue)</span></a> </span></td><td class="wrapword"><span itemprop="http://www.ontology-of-units-of-measure.org/resource/om-2/hasNumericalValue" property="http://www.ontology-of-units-of-measure.org/resource/om-2/hasNumericalValue" content="Matrix([[5.217705993479108, -0.9563227568653142, -7.66327810303255, -0.0009020201940019885, 0.011191488306980822, -0.08666558249511921, -1.2844082881624162e-05, -5.900386706413171e-05],
       [-0.9563227568653142, 4.40870168120494, 1.4716597676567569, 0.00013695855768138597, -0.004881774093163162, 0.077051897895379, 0.00011977266815965887, 1.2048406931217552e-05],
       [-7.66327810303255, 1.4716597676567569, 14.685793875324544, 0.000662820489168131, -0.004354487352263421, 0.07343527404130186, 2.0757592180943785e-05, 0.000199985037228513],
       [-0.0009020201940019885, 0.00013695855768138597, 0.000662820489168131, 2.820417444237449e-06, -7.282015136046821e-05, 0.000568311633396834, 1.7961647857930377e-09, -1.098526184741899e-08],
       [0.011191488306980822, -0.004881774093163162, -0.004354487352263421, -7.282015136046821e-05, 0.002250980478156213, -0.019299421033072455, -1.8181586687812436e-07, 3.053435082985076e-07],
       [-0.08666558249511921, 0.077051897895379, 0.07343527404130186, 0.000568311633396834, -0.019299421033072455, 0.17782617510875354, 2.5625565472588057e-06, -2.262979254794947e-06],
       [-1.2844082881624162e-05, 0.00011977266815965887, 2.0757592180943785e-05, 1.7961647857930377e-09, -1.8181586687812436e-07, 2.5625565472588057e-06, 3.4278955004928135e-09, 2.7014578469270326e-10],
       [-5.900386706413171e-05, 1.2048406931217552e-05, 0.000199985037228513, -1.098526184741899e-08, 3.053435082985076e-07, -2.262979254794947e-06, 2.7014578469270326e-10, 5.381928174916837e-09]])" datatype="http://www.w3.org/2001/XMLSchema#string"><details><summary style="list-style-type: none;">Matrix([[5.217705993479108, -0.9563227568653142, -7.66327810303255, -0.0009020201940019885, 0.011191488306980822, -0.08666558249511921, -1.28440828816 (...)</summary>24162e-05, -5.900386706413171e-05],
       [-0.9563227568653142, 4.40870168120494, 1.4716597676567569, 0.00013695855768138597, -0.004881774093163162, 0.077051897895379, 0.00011977266815965887, 1.2048406931217552e-05],
       [-7.66327810303255, 1.4716597676567569, 14.685793875324544, 0.000662820489168131, -0.004354487352263421, 0.07343527404130186, 2.0757592180943785e-05, 0.000199985037228513],
       [-0.0009020201940019885, 0.00013695855768138597, 0.000662820489168131, 2.820417444237449e-06, -7.282015136046821e-05, 0.000568311633396834, 1.7961647857930377e-09, -1.098526184741899e-08],
       [0.011191488306980822, -0.004881774093163162, -0.004354487352263421, -7.282015136046821e-05, 0.002250980478156213, -0.019299421033072455, -1.8181586687812436e-07, 3.053435082985076e-07],
       [-0.08666558249511921, 0.077051897895379, 0.07343527404130186, 0.000568311633396834, -0.019299421033072455, 0.17782617510875354, 2.5625565472588057e-06, -2.262979254794947e-06],
       [-1.2844082881624162e-05, 0.00011977266815965887, 2.0757592180943785e-05, 1.7961647857930377e-09, -1.8181586687812436e-07, 2.5625565472588057e-06, 3.4278955004928135e-09, 2.7014578469270326e-10],
       [-5.900386706413171e-05, 1.2048406931217552e-05, 0.000199985037228513, -1.098526184741899e-08, 3.053435082985076e-07, -2.262979254794947e-06, 2.7014578469270326e-10, 5.381928174916837e-09]])</details> <small>(<a style="color: #666;" target="_blank" href="http://www.w3.org/2001/XMLSchema#string">xmls:string</a>)</small></span></td></tr><tr class="even"><td class="property"><span class="property-name"><a class="uri" target="_blank" href="http://www.ontology-of-units-of-measure.org/resource/om-2/hasUnit">has unit <span style="color: #666;">(om:hasUnit)</span></a> </span></td><td class="wrapword"><span><a itemprop="http://www.ontology-of-units-of-measure.org/resource/om-2/hasUnit" property="http://www.ontology-of-units-of-measure.org/resource/om-2/hasUnit" resource="http://www.ontology-of-units-of-measure.org/resource/om-2/millimetre" target="_blank" href="http://www.ontology-of-units-of-measure.org/resource/om-2/millimetre">http://www.ontology-of-units-of-measure.org/resource/om-2/millimetre <span style="color: #666;">(om:millimetre)</span></a> <a href="../nonns_millimetre.html">[x]</a></span></td></tr><tr class="odd"><td class="property"><span class="property-name"><a class="uri" target="_blank" href="http://www.w3.org/1999/02/22-rdf-syntax-ns#type">type <span style="color: #666;">(rdf:type)</span></a> </span></td><td class="wrapword"><span><a itemprop="http://www.w3.org/1999/02/22-rdf-syntax-ns#type" property="http://www.w3.org/1999/02/22-rdf-syntax-ns#type" resource="http://www.ontology-of-units-of-measure.org/resource/om-2/Measure" target="_blank" href="http://www.ontology-of-units-of-measure.org/resource/om-2/Measure">Measure <span style="color: #666;">(om:Measure)</span></a> <a href="../nonns_Measure.html">[x]</a></span></td></tr><tr class="even"><td class="property"><span class="property-name"><a class="uri" target="_blank" href="http://www.w3.org/2000/01/rdf-schema#label">projectname <span style="color: #666;">(rdfs:label)</span></a> </span></td><td class="wrapword"><ul><li><span itemprop="http://www.w3.org/2000/01/rdf-schema#label" property="http://www.w3.org/2000/01/rdf-schema#label" content="Kovarianzmatrix Messwert ( MS 0 Sensor 11 Calibration)" datatype="http://www.w3.org/1999/02/22-rdf-syntax-ns#langString" xml:lang="de">Kovarianzmatrix Messwert ( MS 0 Sensor 11 Calibration) <small>(<a style="color: #666;" target="_blank" href="http://www.w3.org/1999/02/22-rdf-syntax-ns#langString">rdf:langString</a>) (<a href="http://www.lexvo.org/page/iso639-1/de" target="_blank">iso6391:de</a>)</small></span></li><li><span itemprop="http://www.w3.org/2000/01/rdf-schema#label" property="http://www.w3.org/2000/01/rdf-schema#label" content="covariance matrix Measurement Value ( MS 0 Sensor 11 Calibration)" datatype="http://www.w3.org/1999/02/22-rdf-syntax-ns#langString" xml:lang="en">covariance matrix Measurement Value ( MS 0 Sensor 11 Calibration) <small>(<a style="color: #666;" target="_blank" href="http://www.w3.org/1999/02/22-rdf-syntax-ns#langString">rdf:langString</a>) (<a href="http://www.lexvo.org/page/iso639-1/en" target="_blank">iso6391:en</a>)</small></span></li></ul></td></tr><tr class="odd"><td class="property">Is <span class="property-name"><a class="uri" target="_blank" href="http://www.ontology-of-units-of-measure.org/resource/om-2/hasValue">has value <span style="color: #666;">(om:hasValue)</span></a> </span> of</td><td class="wrapword"><span><a itemprop="http://www.ontology-of-units-of-measure.org/resource/om-2/hasValue" itemref="http://objects.mainzed.org/data/c07e81c9-cbeb-130d-2bb3-0a20d06eb7b4_sensor_0_calibration_covariance_matrix" property="http://www.ontology-of-units-of-measure.org/resource/om-2/hasValue"  about="http://objects.mainzed.org/data/c07e81c9-cbeb-130d-2bb3-0a20d06eb7b4_sensor_0_calibration_covariance_matrix" resource="http://objects.mainzed.org/data/c07e81c9-cbeb-130d-2bb3-0a20d06eb7b4_sensor_0_calibration_covariance_matrix_value" href="../c07e81c9-cbeb-130d-2bb3-0a20d06eb7b4_sensor_0_calibration_covariance_matrix/index.html">covariance matrix ( MS 0 Sensor 11 Calibration) <span style="color: #666;">(ex:c07e81c9-cbeb-130d-2bb3-0a20d06eb7b4_sensor_0_calibration_covariance_matrix)</span></a> <span style="font-weight:bold">[Matrix([[5.217705993479108, -0.9563227568653142, -7.66327810303255, -0.0009020201940019885, 0.011191488306980822, -0.08666558249511921, -1.2844082881624162e-05, -5.900386706413171e-05],
       [-0.9563227568653142, 4.40870168120494, 1.4716597676567569, 0.00013695855768138597, -0.004881774093163162, 0.077051897895379, 0.00011977266815965887, 1.2048406931217552e-05],
       [-7.66327810303255, 1.4716597676567569, 14.685793875324544, 0.000662820489168131, -0.004354487352263421, 0.07343527404130186, 2.0757592180943785e-05, 0.000199985037228513],
       [-0.0009020201940019885, 0.00013695855768138597, 0.000662820489168131, 2.820417444237449e-06, -7.282015136046821e-05, 0.000568311633396834, 1.7961647857930377e-09, -1.098526184741899e-08],
       [0.011191488306980822, -0.004881774093163162, -0.004354487352263421, -7.282015136046821e-05, 0.002250980478156213, -0.019299421033072455, -1.8181586687812436e-07, 3.053435082985076e-07],
       [-0.08666558249511921, 0.077051897895379, 0.07343527404130186, 0.000568311633396834, -0.019299421033072455, 0.17782617510875354, 2.5625565472588057e-06, -2.262979254794947e-06],
       [-1.2844082881624162e-05, 0.00011977266815965887, 2.0757592180943785e-05, 1.7961647857930377e-09, -1.8181586687812436e-07, 2.5625565472588057e-06, 3.4278955004928135e-09, 2.7014578469270326e-10],
       [-5.900386706413171e-05, 1.2048406931217552e-05, 0.000199985037228513, -1.098526184741899e-08, 3.053435082985076e-07, -2.262979254794947e-06, 2.7014578469270326e-10, 5.381928174916837e-09]]) <a href="http://www.ontology-of-units-of-measure.org/resource/om-2/millimetre" target="_blank">om:millimetre</a>]</span></span></td></tr></tbody></table></div><h5>Metadata</h5><div style="overflow-x:auto;"><table border=1 width=100% class=description><thead><tr><th>Property</th><th>Value</th></tr></thead><tbody><tr class="odd"><td class="property"><span class="property-name"><a class="uri" target="_blank" href="http://rdfs.org/ns/void#inDataset">inDataset <span style="color: #666;">(void:inDataset)</span></a> </span></td><td class="wrapword"><span><a itemprop="http://rdfs.org/ns/void#inDataset" property="http://rdfs.org/ns/void#inDataset" resource="http://objects.mainzed.org/data/ex_dataset" href="../ex_dataset/index.html">ex_dataset <span style="color: #666;">(ex:ex_dataset)</span></a> <span style="font-weight:bold">[15408 <a href="http://www.ontology-of-units-of-measure.org/resource/om-2/hasValue" target="_blank">om:hasValue</a>]</span></span></td></tr></tbody></table></div><div id="footer"><div class="container-fluid"><span id="citationlink"><details><summary>[CITE]</summary><pre>@misc{c07e81c9-cbeb-130d-2bb3-0a20d06eb7b4_sensor_0_calibration_covariance_matrix_value
author="ex_dataset Contributors",
title="covariance matrix Measurement Value ( MS 0 Sensor 11 Calibration)",
"url="http://objects.mainzed.org/data/c07e81c9-cbeb-130d-2bb3-0a20d06eb7b4_sensor_0_calibration_covariance_matrix_value",
note="[Online; documentation generated at 2025-07-09]"}</pre></details></span><span id="apis"><a href="..//sparql.html?endpoint=https://i3mainz.github.io/3dcap-md-gen/agisoft_krieger/">[SPARQL]</a>&nbsp;<a href="..//api/api.html">[OGC API Features]</a>&nbsp;<a href="..//iiif/">[IIIF]</a>&nbsp;<a href="..//api/3/">[CKAN]</a></span></div></div><script>$(document).ready(function(){setSVGDimensions();})</script></body></html>
