<html about="http://objects.mainzed.org/data/7c3d6ecc-5baa-ec40-423d-ecd7df808d5b_sensor_0_calibration_covariance_matrix"><head><title>covariance matrix ( MS 0 Sensor 17 Calibration)</title>
<link rel="stylesheet" href="https://unpkg.com/leaflet@1.5.1/dist/leaflet.css" integrity="sha512-xwE/Az9zrjBIphAcBb3F6JVqxf46+CDLwfLMHloNu6KEQCAWi6HcDUbeOfBIptF7tcCzusKFjFw2yuvEpDL9wQ==" crossorigin="">
<link href='https://api.mapbox.com/mapbox.js/plugins/leaflet-fullscreen/v1.0.1/leaflet.fullscreen.css' rel='stylesheet' />
<link rel="stylesheet" type="text/css" href="https://stackpath.bootstrapcdn.com/bootstrap/4.5.0/css/bootstrap.min.css"/>
<link rel="stylesheet" type="text/css" href="https://cdn.datatables.net/1.12.1/css/jquery.dataTables.min.css"/>
<link rel="stylesheet" type="text/css" href="https://stackpath.bootstrapcdn.com/font-awesome/4.7.0/css/font-awesome.min.css"/>
<link rel="stylesheet" href="https://code.jquery.com/ui/1.12.1/themes/base/jquery-ui.css">
<link rel="stylesheet" href="https://cdnjs.cloudflare.com/ajax/libs/jstree/3.1.1/themes/default/style.min.css" />
<link rel="stylesheet" type="text/css" href="../style.css"/>
<script src="https://cdnjs.cloudflare.com/ajax/libs/jquery/3.4.1/jquery.min.js"></script>
<script src="https://code.jquery.com/ui/1.12.1/jquery-ui.js"></script>
<script src="https://cdn.datatables.net/1.12.1/js/jquery.dataTables.min.js"></script>
<script src="https://cdn.jsdelivr.net/npm/three/build/three.min.js"></script>
<script src="https://cdn.jsdelivr.net/npm/three/examples/js/controls/TrackballControls.js"></script>
<script src="https://cdn.jsdelivr.net/npm/three/examples/js/controls/OrbitControls.js"></script>
<script src="https://cdn.jsdelivr.net/npm/three/examples/js/loaders/PLYLoader.js"></script>
<script src="../ex_search.js"></script><script src="../ex_classtree.js"></script><script src="../proprelations.js"></script>
<script src="https://cdnjs.cloudflare.com/ajax/libs/jstree/3.3.12/jstree.min.js"></script>
<script type="text/javascript" src="https://stackpath.bootstrapcdn.com/bootstrap/4.5.0/js/bootstrap.bundle.min.js"></script>
<script src="../startscripts.js"></script>
</head>
<div id="mySidenav" class="sidenav" style="overflow:auto;">
  <a href="javascript:void(0)" class="closebtn" onclick="closeNav()">&times;</a>
  GeoClasses: <input type="checkbox" id="geoclasses"/><br/>
  Search:<input type="text" id="classsearch"><br/><div id="jstree"></div>
</div><script>var indexpage=false
var relativedepth=1</script>
<body><div id="header"><h1 id="title"><a href="http://objects.mainzed.org/data/7c3d6ecc-5baa-ec40-423d-ecd7df808d5b_sensor_0_calibration_covariance_matrix">covariance matrix ( MS 0 Sensor 17 Calibration)</a></h1></div><div class="page-resource-uri"><a href="http://objects.mainzed.org/data/">http://objects.mainzed.org/data/</a> <b>powered by Static GeoPubby</b> generated using the <a style="color:blue;font-weight:bold" target="_blank" href="https://github.com/sparqlunicorn/sparqlunicornGoesGIS">SPARQLing Unicorn QGIS Plugin</a></div>
</div><div id="rdficon"><span style="font-size:30px;cursor:pointer" onclick="openNav()">&#9776;</span></div> <div class="search"><div class="ui-widget">Search: <input id="search" size="50"><button id="gotosearch" onclick="followLink()">Go</button><b>Download Options:</b>&nbsp;Format:<select id="format" onchange="changeDefLink()">	

<option value="csv">Comma Separated Values (CSV)</option>
<option value="geojson">(Geo)JSON</option>
<option value="json">JSON-LD</option>
<option value="ttl" selected>Turtle (TTL)</option>

</select><a id="formatlink" href="#" target="_blank"><svg width="1em" height="1em" viewBox="0 0 16 16" class="bi bi-info-circle-fill" fill="currentColor" xmlns="http://www.w3.org/2000/svg"><path fill-rule="evenodd" d="M8 16A8 8 0 1 0 8 0a8 8 0 0 0 0 16zm.93-9.412l-2.29.287-.082.38.45.083c.294.07.352.176.288.469l-.738 3.468c-.194.897.105 1.319.808 1.319.545 0 1.178-.252 1.465-.598l.088-.416c-.2.176-.492.246-.686.246-.275 0-.375-.193-.304-.533L8.93 6.588zM8 5.5a1 1 0 1 0 0-2 1 1 0 0 0 0 2z"/></svg></a>&nbsp;
<button id="downloadButton" onclick="download()">Download</button><br/></div></div><dialog id="classrelationdialog" width="500" height="500" modal="true"></dialog><dialog id="dataschemadialog" width="500" height="500" modal="true"></dialog>
<div class="container-fluid"><div class="row-fluid" id="main-wrapper">

<table border=1 width=100% class=description><thead><tr><th>Property</th><th>Value</th></tr></thead><tbody><tr class="even"><td class="property"><span class="property-name"><a class="uri" target="_blank" href="http://www.ontology-of-units-of-measure.org/resource/om-2/hasValue">hasValue <span style="color: #666;">(om:hasValue)</span></a></span></td><td class="wrapword"><span><a property="http://www.ontology-of-units-of-measure.org/resource/om-2/hasValue" resource="http://objects.mainzed.org/data/7c3d6ecc-5baa-ec40-423d-ecd7df808d5b_sensor_0_calibration_covariance_matrix_value" href="../7c3d6ecc-5baa-ec40-423d-ecd7df808d5b_sensor_0_calibration_covariance_matrix_value/index.html">Kovarianzmatrix Messwert ( MS 0 Sensor 17 Calibration) <span style="color: #666;">(ex:7c3d6ecc-5baa-ec40-423d-ecd7df808d5b_sensor_0_calibration_covariance_matrix_value)</span></a> <span style="font-weight:bold">[Matrix([[3.9881776166246876, -0.3917175286371455, -4.348294240728391, -9.781210321235135e-05, -0.0030576197871100387, 0.06655092878250589, -6.576210786237848e-06, -3.439378555885742e-05],
       [-0.3917175286371455, 7.298503004179929, -0.6654614254999878, -0.00042960043341928053, 0.010509602597444939, -0.05789739425441606, 0.00021185782602137955, -4.6564574997321116e-05],
       [-4.348294240728391, -0.6654614254999878, 9.901724201253804, -0.0006937277887340004, 0.030557672489212147, -0.23479399754390345, -3.242725561387311e-05, 0.00017338448719417024],
       [-9.781210321235135e-05, -0.00042960043341928053, -0.0006937277887340004, 2.35123123851708e-06, -5.548919724111169e-05, 0.0003464515849911828, -9.315590429316701e-09, -2.91145118546505e-09],
       [-0.0030576197871100387, 0.010509602597444939, 0.030557672489212147, -5.548919724111169e-05, 0.0015402009354272095, -0.010429761231380785, 1.7170879865003937e-07, 3.353179595710246e-07],
       [0.06655092878250589, -0.05789739425441606, -0.23479399754390345, 0.0003464515849911828, -0.010429761231380785, 0.07571770354891312, -6.999672402391842e-07, -3.1336519385854464e-06],
       [-6.576210786237848e-06, 0.00021185782602137955, -3.242725561387311e-05, -9.315590429316701e-09, 1.7170879865003937e-07, -6.999672402391842e-07, 6.375398464962264e-09, -1.4233066984729697e-09],
       [-3.439378555885742e-05, -4.6564574997321116e-05, 0.00017338448719417024, -2.91145118546505e-09, 3.353179595710246e-07, -3.1336519385854464e-06, -1.4233066984729697e-09, 5.42453012317483e-09]]) <a href="http://www.ontology-of-units-of-measure.org/resource/om-2/millimetre" target="_blank">om:millimetre</a>]</span></span></td></tr><tr class="odd"><td class="property"><span class="property-name"><a class="uri" target="_blank" href="http://www.w3.org/1999/02/22-rdf-syntax-ns#type">type <span style="color: #666;">(rdf:type)</span></a></span></td><td class="wrapword"><span><a property="http://www.w3.org/1999/02/22-rdf-syntax-ns#type" resource="http://objects.mainzed.org/ont#Covariance_matrix" target="_blank" href="http://objects.mainzed.org/ont#Covariance_matrix">Covariance matrix</a></span></td></tr><tr class="even"><td class="property"><span class="property-name"><a class="uri" target="_blank" href="http://www.w3.org/2000/01/rdf-schema#label">label <span style="color: #666;">(rdfs:label)</span></a></span></td><td class="wrapword"><ul><li><span property="http://www.w3.org/2000/01/rdf-schema#label" content="Kovarianzmatrix ( MS 0 Sensor 17 Calibration)" datatype="http://www.w3.org/2001/XMLSchema#string" xml:lang="de">Kovarianzmatrix ( MS 0 Sensor 17 Calibration) <small>(<a style="color: #666;" target="_blank" href="http://www.w3.org/1999/02/22-rdf-syntax-ns#langString">rdf:langString</a>) (<a href="http://www.lexvo.org/page/iso639-1/de" target="_blank">iso6391:de</a>)</small></span></li><li><span property="http://www.w3.org/2000/01/rdf-schema#label" content="covariance matrix ( MS 0 Sensor 17 Calibration)" datatype="http://www.w3.org/2001/XMLSchema#string" xml:lang="en">covariance matrix ( MS 0 Sensor 17 Calibration) <small>(<a style="color: #666;" target="_blank" href="http://www.w3.org/1999/02/22-rdf-syntax-ns#langString">rdf:langString</a>) (<a href="http://www.lexvo.org/page/iso639-1/en" target="_blank">iso6391:en</a>)</small></span></li></ul></td></tr><tr class="odd"><td class="property">Is <span class="property-name"><a class="uri" target="_blank" href="h">covariance_matrix</a></span> of</td><td class="wrapword"><span><a property="http://objects.mainzed.org/ont#covariance_matrix" resource="http://objects.mainzed.org/data/7c3d6ecc-5baa-ec40-423d-ecd7df808d5b_sensor_0_calibration" href="../7c3d6ecc-5baa-ec40-423d-ecd7df808d5b_sensor_0_calibration/index.html">Sensor 0 Calibration <span style="color: #666;">(ex:7c3d6ecc-5baa-ec40-423d-ecd7df808d5b_sensor_0_calibration)</span></a></span></td></tr></tbody></table><div id="footer"><div class="container-fluid"><b>Download Options:</b>&nbsp;Format:<select id="format" onchange="changeDefLink()">	

<option value="csv">Comma Separated Values (CSV)</option>
<option value="geojson">(Geo)JSON</option>
<option value="json">JSON-LD</option>
<option value="ttl" selected>Turtle (TTL)</option>

</select><a id="formatlink2" href="#" target="_blank"><svg width="1em" height="1em" viewBox="0 0 16 16" class="bi bi-info-circle-fill" fill="currentColor" xmlns="http://www.w3.org/2000/svg"><path fill-rule="evenodd" d="M8 16A8 8 0 1 0 8 0a8 8 0 0 0 0 16zm.93-9.412l-2.29.287-.082.38.45.083c.294.07.352.176.288.469l-.738 3.468c-.194.897.105 1.319.808 1.319.545 0 1.178-.252 1.465-.598l.088-.416c-.2.176-.492.246-.686.246-.275 0-.375-.193-.304-.533L8.93 6.588zM8 5.5a1 1 0 1 0 0-2 1 1 0 0 0 0 2z"/></svg></a>&nbsp;
<button id="downloadButton" onclick="download()">Download</button></div></div></body><script>$(document).ready(function(){setSVGDimensions()})</script></html>